#!ascii label  , from subject sample vox2ras=TkReg
1434
61964  -16.677  -28.084  15.935 0.0000000000
61984  -21.780  -28.084  14.830 0.0000000000
63156  -12.745  -27.468  19.704 0.0000000000
63212  -14.523  -27.543  16.523 0.0000000000
63213  -15.387  -27.593  16.044 0.0000000000
63214  -16.105  -27.782  15.838 0.0000000000
63228  -15.853  -27.208  15.692 0.0000000000
63229  -16.654  -27.314  15.542 0.0000000000
63230  -17.639  -27.267  14.959 0.0000000000
63232  -22.687  -28.007  15.260 0.0000000000
63233  -23.291  -27.400  15.180 0.0000000000
63234  -24.001  -27.227  15.440 0.0000000000
63240  -17.922  -26.923  14.252 0.0000000000
63242  -21.029  -27.695  14.032 0.0000000000
63243  -21.579  -27.676  14.520 0.0000000000
63244  -22.318  -27.544  14.909 0.0000000000
63245  -22.950  -26.989  14.806 0.0000000000
63261  -19.816  -27.109  12.892 0.0000000000
63262  -20.306  -27.551  13.214 0.0000000000
64478  -13.201  -26.151  16.993 0.0000000000
64479  -13.873  -26.522  16.568 0.0000000000
64480  -14.749  -26.618  15.981 0.0000000000
64481  -15.385  -26.832  15.738 0.0000000000
64482  -24.901  -26.937  16.096 0.0000000000
64483  -25.630  -26.424  16.495 0.0000000000
64496  -15.163  -26.276  15.588 0.0000000000
64497  -15.865  -26.414  15.346 0.0000000000
64498  -16.792  -26.395  14.821 0.0000000000
64499  -17.429  -26.571  14.421 0.0000000000
64500  -23.849  -26.835  15.180 0.0000000000
64501  -24.516  -26.367  15.509 0.0000000000
64502  -25.204  -25.863  15.884 0.0000000000
64506  -17.092  -26.053  14.233 0.0000000000
64507  -17.525  -26.345  13.595 0.0000000000
64508  -17.896  -26.711  12.881 0.0000000000
64509  -21.327  -27.285  14.251 0.0000000000
64510  -21.778  -27.003  14.429 0.0000000000
64511  -22.583  -26.675  14.511 0.0000000000
64512  -23.548  -26.300  14.671 0.0000000000
64513  -24.135  -25.887  14.926 0.0000000000
64522  -17.606  -26.054  12.549 0.0000000000
64524  -19.970  -26.646  13.279 0.0000000000
64525  -20.983  -26.726  13.903 0.0000000000
64526  -22.008  -26.202  14.138 0.0000000000
64527  -22.869  -25.989  14.106 0.0000000000
64528  -23.338  -25.745  14.135 0.0000000000
64548  -17.847  -26.353  11.662 0.0000000000
64550  -19.610  -26.735  12.593 0.0000000000
64563  -18.201  -26.257  11.326 0.0000000000
64564  -18.679  -26.444  11.293 0.0000000000
64565  -19.280  -26.716  11.781 0.0000000000
65766  -13.137  -26.155  19.430 0.0000000000
65767  -13.907  -25.751  19.393 0.0000000000
65787  -13.104  -25.450  18.908 0.0000000000
65808  -12.894  -25.492  18.077 0.0000000000
65825  -13.127  -25.435  17.332 0.0000000000
65852  -13.601  -25.428  16.668 0.0000000000
65853  -14.316  -25.493  15.851 0.0000000000
65854  -14.809  -25.981  15.652 0.0000000000
65855  -26.283  -25.349  16.500 0.0000000000
65856  -27.055  -25.255  17.045 0.0000000000
65874  -14.642  -24.963  15.291 0.0000000000
65875  -15.102  -25.523  15.163 0.0000000000
65876  -16.084  -25.485  14.509 0.0000000000
65877  -16.684  -25.824  14.334 0.0000000000
65878  -25.111  -25.325  15.492 0.0000000000
65879  -25.693  -25.348  15.985 0.0000000000
65883  -16.264  -25.003  14.007 0.0000000000
65884  -16.807  -25.365  13.679 0.0000000000
65885  -17.335  -25.718  13.145 0.0000000000
65886  -24.067  -25.601  14.552 0.0000000000
65887  -24.544  -25.321  14.922 0.0000000000
65905  -17.005  -24.789  13.142 0.0000000000
65906  -17.399  -25.130  12.779 0.0000000000
65907  -20.528  -25.809  13.397 0.0000000000
65908  -21.559  -25.663  13.609 0.0000000000
65909  -22.489  -25.515  13.619 0.0000000000
65910  -23.224  -25.438  13.660 0.0000000000
65911  -23.789  -25.356  14.035 0.0000000000
65912  -24.320  -25.047  14.320 0.0000000000
65929  -17.962  -25.347  11.912 0.0000000000
65930  -18.730  -25.375  12.264 0.0000000000
65931  -19.422  -25.874  12.795 0.0000000000
65936  -18.062  -25.926  11.505 0.0000000000
65937  -18.403  -25.858  11.577 0.0000000000
65938  -18.910  -25.996  11.818 0.0000000000
67113  -13.299  -24.618  17.570 0.0000000000
67139  -13.480  -24.565  16.976 0.0000000000
67140  -13.863  -24.455  16.230 0.0000000000
67141  -26.231  -24.706  16.078 0.0000000000
67142  -26.858  -24.521  16.448 0.0000000000
67143  -27.836  -24.247  16.683 0.0000000000
67162  -14.384  -24.373  15.483 0.0000000000
67163  -14.894  -24.416  14.674 0.0000000000
67164  -15.447  -24.957  14.585 0.0000000000
67165  -25.106  -24.691  15.076 0.0000000000
67166  -25.788  -24.378  15.507 0.0000000000
67167  -26.680  -23.962  15.877 0.0000000000
67168  -27.351  -23.805  16.186 0.0000000000
67173  -15.177  -23.933  14.141 0.0000000000
67174  -15.822  -24.373  13.976 0.0000000000
67175  -16.364  -24.780  13.762 0.0000000000
67176  -24.812  -24.354  14.512 0.0000000000
67177  -25.408  -24.074  14.918 0.0000000000
67196  -16.210  -23.922  13.437 0.0000000000
67197  -16.617  -24.336  13.343 0.0000000000
67198  -17.268  -24.275  12.803 0.0000000000
67199  -20.286  -25.018  13.205 0.0000000000
67200  -21.241  -24.950  13.182 0.0000000000
67201  -22.210  -24.932  13.093 0.0000000000
67202  -23.050  -24.986  13.029 0.0000000000
67203  -23.721  -24.833  13.311 0.0000000000
67204  -24.326  -24.439  13.767 0.0000000000
67209  -17.876  -24.336  12.344 0.0000000000
67210  -18.647  -24.427  12.489 0.0000000000
67211  -19.625  -24.499  12.890 0.0000000000
67212  -20.915  -24.202  12.804 0.0000000000
67213  -21.966  -24.229  12.580 0.0000000000
67214  -22.867  -24.379  12.416 0.0000000000
67215  -23.636  -24.308  12.666 0.0000000000
67216  -24.157  -24.172  13.076 0.0000000000
68368  -13.701  -23.764  17.436 0.0000000000
68369  -13.866  -23.097  16.908 0.0000000000
68397  -13.553  -24.100  17.212 0.0000000000
68398  -13.791  -23.519  16.659 0.0000000000
68407  -28.021  -23.486  16.141 0.0000000000
68408  -28.786  -23.555  16.406 0.0000000000
68429  -14.120  -23.459  15.760 0.0000000000
68430  -14.550  -23.481  14.989 0.0000000000
68431  -25.893  -23.611  15.044 0.0000000000
68432  -26.519  -23.461  15.347 0.0000000000
68433  -27.577  -23.104  15.464 0.0000000000
68434  -28.683  -22.969  15.746 0.0000000000
68435  -29.663  -22.918  15.996 0.0000000000
68436  -30.708  -22.940  16.267 0.0000000000
68445  -14.965  -23.420  14.373 0.0000000000
68446  -15.424  -23.401  13.868 0.0000000000
68447  -24.857  -23.706  13.983 0.0000000000
68448  -25.618  -23.397  14.375 0.0000000000
68449  -26.482  -23.077  14.773 0.0000000000
68450  -26.978  -22.975  15.084 0.0000000000
68468  -15.960  -23.426  13.366 0.0000000000
68469  -16.551  -23.490  13.151 0.0000000000
68470  -17.100  -23.543  12.899 0.0000000000
68471  -24.706  -23.483  13.317 0.0000000000
68472  -25.318  -23.199  13.720 0.0000000000
68476  -17.748  -23.466  12.484 0.0000000000
68477  -18.574  -23.462  12.522 0.0000000000
68478  -19.525  -23.443  12.619 0.0000000000
68479  -20.588  -23.423  12.513 0.0000000000
68480  -21.752  -23.271  12.050 0.0000000000
68481  -22.681  -23.655  11.885 0.0000000000
68482  -23.566  -23.517  12.082 0.0000000000
68483  -24.210  -23.512  12.659 0.0000000000
68486  -22.178  -22.681  11.444 0.0000000000
68487  -22.653  -22.941  11.362 0.0000000000
68488  -23.263  -23.102  11.506 0.0000000000
69648  -14.159  -22.507  16.540 0.0000000000
69675  -14.122  -22.518  15.940 0.0000000000
69676  -14.431  -22.531  15.191 0.0000000000
69683  -28.052  -22.584  14.887 0.0000000000
69684  -28.610  -22.504  15.111 0.0000000000
69685  -29.507  -22.430  15.308 0.0000000000
69686  -30.615  -22.240  15.477 0.0000000000
69687  -31.660  -22.261  15.921 0.0000000000
69688  -32.608  -22.281  16.172 0.0000000000
69695  -14.862  -22.640  14.600 0.0000000000
69696  -15.244  -22.655  14.073 0.0000000000
69697  -25.891  -22.768  13.783 0.0000000000
69698  -26.551  -22.634  14.137 0.0000000000
69699  -27.462  -22.568  14.579 0.0000000000
69700  -28.524  -22.129  14.497 0.0000000000
69701  -29.350  -22.014  14.762 0.0000000000
69702  -30.082  -21.945  14.959 0.0000000000
69719  -15.765  -22.578  13.530 0.0000000000
69720  -16.562  -22.578  12.981 0.0000000000
69721  -16.971  -23.042  13.016 0.0000000000
69722  -24.815  -22.838  12.797 0.0000000000
69723  -25.525  -22.617  13.211 0.0000000000
69724  -26.549  -22.190  13.390 0.0000000000
69725  -27.392  -22.034  13.835 0.0000000000
69726  -28.069  -21.965  14.102 0.0000000000
69731  -17.061  -22.098  12.599 0.0000000000
69732  -17.432  -22.591  12.540 0.0000000000
69733  -18.453  -22.550  12.444 0.0000000000
69734  -19.388  -22.557  12.437 0.0000000000
69735  -20.494  -22.463  12.129 0.0000000000
69736  -21.136  -22.857  12.074 0.0000000000
69737  -23.775  -22.707  11.691 0.0000000000
69738  -24.399  -22.629  12.205 0.0000000000
69739  -25.431  -22.127  12.473 0.0000000000
69740  -26.153  -22.036  12.849 0.0000000000
69744  -21.042  -21.912  11.547 0.0000000000
69745  -21.611  -22.327  11.497 0.0000000000
69746  -22.511  -22.237  10.834 0.0000000000
69747  -23.512  -22.312  11.040 0.0000000000
69748  -24.350  -22.091  11.561 0.0000000000
69749  -24.995  -21.937  11.925 0.0000000000
69753  -22.755  -21.754  10.469 0.0000000000
69754  -23.138  -21.873  10.556 0.0000000000
71037  -14.358  -21.735  15.984 0.0000000000
71038  -14.538  -21.603  15.384 0.0000000000
71046  -30.700  -21.244  15.224 0.0000000000
71047  -31.629  -21.424  15.665 0.0000000000
71048  -32.523  -21.486  16.041 0.0000000000
71049  -33.434  -21.509  16.063 0.0000000000
71054  -14.909  -21.656  14.537 0.0000000000
71055  -15.127  -22.169  14.273 0.0000000000
71056  -28.644  -21.651  14.047 0.0000000000
71057  -29.294  -21.410  14.355 0.0000000000
71058  -29.924  -21.471  14.760 0.0000000000
71073  -15.295  -21.198  14.138 0.0000000000
71074  -15.518  -21.703  13.896 0.0000000000
71075  -16.133  -21.707  13.205 0.0000000000
71076  -26.720  -21.660  12.920 0.0000000000
71077  -27.410  -21.415  13.220 0.0000000000
71078  -28.224  -21.414  13.692 0.0000000000
71079  -28.901  -21.184  13.918 0.0000000000
71086  -16.808  -21.572  12.689 0.0000000000
71087  -17.516  -21.577  12.398 0.0000000000
71088  -18.293  -21.676  12.297 0.0000000000
71089  -19.353  -21.555  12.173 0.0000000000
71090  -19.944  -21.990  12.140 0.0000000000
71091  -25.676  -21.378  11.980 0.0000000000
71092  -26.348  -21.433  12.484 0.0000000000
71093  -27.007  -21.177  12.770 0.0000000000
71096  -19.944  -20.945  11.691 0.0000000000
71097  -20.488  -21.449  11.604 0.0000000000
71098  -21.469  -21.442  10.935 0.0000000000
71099  -21.965  -21.912  10.832 0.0000000000
71100  -23.636  -21.350  10.774 0.0000000000
71101  -24.292  -21.434  11.186 0.0000000000
71102  -24.985  -21.365  11.597 0.0000000000
71106  -21.827  -20.996  10.400 0.0000000000
71107  -22.312  -21.410  10.437 0.0000000000
71108  -23.029  -21.283  10.477 0.0000000000
72278  -14.716  -20.733  15.753 0.0000000000
72286  -30.796  -20.309  15.550 0.0000000000
72287  -31.545  -20.521  15.869 0.0000000000
72288  -32.439  -20.650  16.133 0.0000000000
72289  -33.343  -20.694  16.165 0.0000000000
72290  -34.130  -20.670  15.738 0.0000000000
72295  -14.932  -20.541  14.690 0.0000000000
72296  -15.290  -19.969  14.238 0.0000000000
72297  -28.578  -20.089  14.075 0.0000000000
72298  -29.174  -20.534  14.381 0.0000000000
72299  -29.991  -20.643  14.957 0.0000000000
72313  -15.153  -20.956  14.291 0.0000000000
72314  -15.610  -20.488  13.809 0.0000000000
72315  -15.917  -21.134  13.447 0.0000000000
72316  -27.365  -20.458  13.086 0.0000000000
72317  -28.116  -20.651  13.481 0.0000000000
72318  -28.674  -20.779  13.805 0.0000000000
72328  -16.080  -20.003  13.168 0.0000000000
72329  -16.427  -20.630  12.932 0.0000000000
72330  -17.315  -20.761  12.380 0.0000000000
72331  -18.225  -20.669  12.088 0.0000000000
72332  -18.812  -21.067  12.154 0.0000000000
72333  -25.494  -20.464  11.883 0.0000000000
72334  -26.243  -20.631  12.296 0.0000000000
72335  -26.802  -20.758  12.607 0.0000000000
72339  -18.687  -20.019  11.787 0.0000000000
72340  -19.339  -20.429  11.748 0.0000000000
72341  -20.520  -20.358  11.146 0.0000000000
72342  -20.988  -20.934  11.013 0.0000000000
72343  -23.416  -20.414  10.744 0.0000000000
72344  -24.180  -20.567  11.166 0.0000000000
72345  -24.807  -20.724  11.454 0.0000000000
72350  -20.971  -19.932  10.553 0.0000000000
72351  -21.412  -20.423  10.494 0.0000000000
72352  -22.196  -20.485  10.225 0.0000000000
72353  -22.764  -20.670  10.428 0.0000000000
73379  -30.401  -19.439  15.507 0.0000000000
73380  -31.390  -19.527  16.088 0.0000000000
73381  -32.314  -19.743  16.377 0.0000000000
73382  -33.254  -19.820  16.337 0.0000000000
73383  -34.027  -19.823  15.910 0.0000000000
73387  -14.940  -19.659  15.170 0.0000000000
73388  -15.235  -19.516  14.562 0.0000000000
73395  -28.490  -19.116  14.344 0.0000000000
73396  -29.098  -19.540  14.674 0.0000000000
73397  -29.593  -19.921  15.052 0.0000000000
73398  -34.749  -19.797  15.460 0.0000000000
73407  -15.555  -19.426  13.963 0.0000000000
73408  -26.718  -19.103  12.888 0.0000000000
73409  -27.259  -19.397  13.319 0.0000000000
73410  -27.938  -19.721  13.721 0.0000000000
73419  -15.910  -19.395  13.291 0.0000000000
73420  -16.566  -19.522  12.864 0.0000000000
73421  -17.291  -19.816  12.392 0.0000000000
73422  -17.730  -20.212  12.141 0.0000000000
73423  -25.495  -19.698  12.078 0.0000000000
73424  -26.086  -19.647  12.393 0.0000000000
73425  -26.761  -20.016  12.758 0.0000000000
73429  -17.545  -19.167  12.029 0.0000000000
73430  -18.102  -19.547  11.816 0.0000000000
73431  -19.056  -19.432  11.427 0.0000000000
73432  -19.985  -19.453  11.216 0.0000000000
73433  -23.443  -19.602  10.863 0.0000000000
73434  -23.988  -19.635  11.193 0.0000000000
73435  -24.893  -19.699  11.665 0.0000000000
73440  -20.617  -19.376  10.546 0.0000000000
73441  -21.261  -19.521  10.187 0.0000000000
73442  -21.959  -19.559  9.829 0.0000000000
73443  -22.823  -19.586  10.471 0.0000000000
73449  -20.954  -18.931  10.030 0.0000000000
73450  -21.440  -18.941  9.691 0.0000000000
73451  -21.936  -18.746  9.595 0.0000000000
74488  -31.706  -17.869  16.570 0.0000000000
74489  -32.081  -17.948  16.610 0.0000000000
74490  -32.880  -18.053  16.551 0.0000000000
74491  -33.720  -18.085  16.461 0.0000000000
74492  -34.388  -17.988  16.211 0.0000000000
74514  -29.581  -18.009  15.355 0.0000000000
74515  -29.976  -18.285  15.633 0.0000000000
74516  -31.206  -18.224  16.355 0.0000000000
74517  -32.169  -18.752  16.508 0.0000000000
74518  -33.107  -18.916  16.558 0.0000000000
74519  -34.078  -18.891  16.271 0.0000000000
74520  -34.849  -18.267  15.810 0.0000000000
74531  -15.095  -18.973  15.324 0.0000000000
74532  -15.185  -18.911  14.867 0.0000000000
74539  -28.503  -18.404  14.422 0.0000000000
74540  -29.194  -18.312  14.901 0.0000000000
74541  -29.609  -19.127  15.227 0.0000000000
74542  -34.637  -19.115  15.751 0.0000000000
74543  -35.245  -18.767  15.157 0.0000000000
74549  -15.573  -18.765  14.333 0.0000000000
74553  -26.735  -18.367  12.947 0.0000000000
74554  -27.100  -18.493  13.291 0.0000000000
74555  -27.817  -18.456  13.944 0.0000000000
74563  -15.835  -18.565  13.604 0.0000000000
74564  -16.444  -18.450  12.882 0.0000000000
74565  -17.132  -18.867  12.385 0.0000000000
74566  -25.526  -18.892  12.213 0.0000000000
74567  -26.288  -18.605  12.598 0.0000000000
74571  -16.993  -17.894  12.167 0.0000000000
74572  -17.767  -18.388  11.826 0.0000000000
74573  -18.693  -18.507  11.454 0.0000000000
74574  -19.658  -18.466  10.954 0.0000000000
74575  -20.227  -18.909  10.769 0.0000000000
74576  -23.639  -18.697  10.892 0.0000000000
74577  -24.496  -18.722  11.498 0.0000000000
74578  -25.030  -18.773  11.844 0.0000000000
74583  -19.933  -17.940  10.447 0.0000000000
74584  -20.427  -18.375  10.262 0.0000000000
74585  -22.439  -18.491  10.033 0.0000000000
74586  -22.992  -18.635  10.509 0.0000000000
74596  -21.030  -18.324  9.651 0.0000000000
74597  -21.650  -18.256  9.599 0.0000000000
74598  -22.060  -18.284  9.658 0.0000000000
75659  -31.839  -17.436  16.632 0.0000000000
75660  -32.633  -17.322  16.662 0.0000000000
75661  -33.430  -17.305  16.547 0.0000000000
75662  -34.196  -17.312  16.334 0.0000000000
75663  -34.918  -17.355  16.008 0.0000000000
75673  -15.491  -18.573  15.275 0.0000000000
75674  -16.120  -18.159  15.106 0.0000000000
75680  -29.704  -17.420  15.340 0.0000000000
75681  -30.504  -17.297  15.998 0.0000000000
75682  -31.224  -17.209  16.472 0.0000000000
75683  -35.533  -17.465  15.194 0.0000000000
75697  -15.271  -18.638  15.042 0.0000000000
75698  -15.698  -18.377  14.761 0.0000000000
75704  -28.522  -17.691  14.414 0.0000000000
75705  -29.137  -17.135  14.768 0.0000000000
75711  -15.838  -17.893  14.059 0.0000000000
75715  -26.921  -18.003  13.122 0.0000000000
75716  -27.284  -17.554  13.359 0.0000000000
75717  -28.030  -17.158  13.844 0.0000000000
75726  -16.235  -17.652  13.367 0.0000000000
75727  -16.732  -17.364  12.775 0.0000000000
75728  -25.935  -17.969  12.410 0.0000000000
75729  -26.609  -17.585  12.839 0.0000000000
75730  -27.072  -16.824  12.999 0.0000000000
75735  -17.152  -17.059  12.307 0.0000000000
75736  -17.612  -17.260  11.897 0.0000000000
75737  -18.423  -17.409  11.528 0.0000000000
75738  -19.136  -17.754  11.230 0.0000000000
75739  -23.786  -17.826  10.880 0.0000000000
75740  -24.282  -17.754  11.273 0.0000000000
75741  -25.209  -17.750  11.893 0.0000000000
75748  -19.058  -17.046  11.189 0.0000000000
75749  -19.581  -17.372  10.653 0.0000000000
75750  -20.061  -17.515  10.011 0.0000000000
75751  -22.635  -17.720  10.056 0.0000000000
75752  -23.231  -17.762  10.466 0.0000000000
75764  -20.623  -17.599  9.662 0.0000000000
75765  -21.324  -17.527  9.474 0.0000000000
75766  -22.185  -17.581  9.623 0.0000000000
76897  -31.720  -16.771  16.515 0.0000000000
76898  -32.350  -16.739  16.598 0.0000000000
76899  -33.104  -16.479  16.583 0.0000000000
76900  -33.893  -16.594  16.444 0.0000000000
76901  -34.668  -16.541  16.247 0.0000000000
76904  -16.718  -17.328  15.099 0.0000000000
76911  -29.620  -16.632  14.965 0.0000000000
76912  -30.206  -16.341  15.343 0.0000000000
76913  -31.159  -16.391  16.073 0.0000000000
76914  -32.098  -16.222  16.347 0.0000000000
76915  -32.639  -16.271  16.496 0.0000000000
76916  -35.415  -16.496  15.742 0.0000000000
76917  -36.081  -16.450  15.085 0.0000000000
76929  -16.350  -17.462  14.533 0.0000000000
76936  -28.681  -16.706  14.232 0.0000000000
76937  -29.330  -16.147  14.413 0.0000000000
76938  -29.796  -16.182  14.831 0.0000000000
76943  -16.379  -17.090  13.825 0.0000000000
76948  -27.623  -16.402  13.219 0.0000000000
76949  -28.411  -16.221  13.658 0.0000000000
76950  -28.874  -16.064  13.991 0.0000000000
76958  -16.626  -16.756  13.232 0.0000000000
76959  -16.936  -16.427  12.610 0.0000000000
76960  -25.991  -17.013  12.466 0.0000000000
76961  -26.776  -16.374  12.520 0.0000000000
76962  -27.244  -16.335  12.819 0.0000000000
76969  -17.395  -16.340  12.020 0.0000000000
76970  -17.995  -16.472  11.607 0.0000000000
76971  -18.586  -16.438  11.270 0.0000000000
76972  -23.898  -17.104  10.955 0.0000000000
76973  -24.686  -16.487  11.374 0.0000000000
76974  -25.693  -16.414  11.928 0.0000000000
76975  -26.279  -16.303  12.187 0.0000000000
76983  -19.176  -16.379  10.744 0.0000000000
76984  -19.884  -16.502  9.938 0.0000000000
76985  -20.272  -17.086  9.638 0.0000000000
76986  -22.879  -17.060  10.006 0.0000000000
76987  -23.579  -16.556  10.428 0.0000000000
76988  -24.099  -16.389  10.870 0.0000000000
76999  -20.321  -16.021  9.599 0.0000000000
77000  -20.763  -16.592  9.435 0.0000000000
77001  -21.771  -16.611  9.332 0.0000000000
77002  -22.609  -16.484  9.545 0.0000000000
77003  -23.219  -16.336  9.859 0.0000000000
78097  -33.216  -16.028  16.514 0.0000000000
78098  -33.580  -15.983  16.492 0.0000000000
78099  -34.254  -15.957  16.403 0.0000000000
78110  -30.389  -15.889  15.052 0.0000000000
78111  -30.885  -15.696  15.230 0.0000000000
78112  -31.824  -15.628  15.836 0.0000000000
78113  -32.891  -15.638  16.381 0.0000000000
78114  -33.953  -15.292  16.301 0.0000000000
78115  -34.960  -15.544  16.032 0.0000000000
78116  -35.887  -15.590  15.454 0.0000000000
78126  -16.828  -16.763  14.757 0.0000000000
78127  -17.115  -16.006  14.438 0.0000000000
78134  -29.504  -15.698  14.174 0.0000000000
78135  -30.063  -15.683  14.542 0.0000000000
78136  -30.960  -14.985  14.479 0.0000000000
78146  -16.700  -16.539  14.168 0.0000000000
78147  -16.907  -15.732  13.800 0.0000000000
78153  -27.708  -15.934  12.980 0.0000000000
78154  -28.117  -15.754  13.089 0.0000000000
78155  -29.197  -15.410  13.494 0.0000000000
78156  -30.174  -14.861  13.954 0.0000000000
78157  -30.674  -14.540  14.083 0.0000000000
78164  -16.692  -16.349  13.616 0.0000000000
78165  -16.772  -15.729  13.069 0.0000000000
78166  -26.987  -15.884  12.266 0.0000000000
78167  -27.493  -15.819  12.538 0.0000000000
78168  -28.419  -15.173  12.423 0.0000000000
78169  -28.993  -15.010  12.595 0.0000000000
78177  -17.046  -15.423  12.219 0.0000000000
78178  -17.751  -15.477  11.553 0.0000000000
78179  -18.186  -15.966  11.321 0.0000000000
78180  -24.984  -15.705  11.090 0.0000000000
78181  -25.570  -15.732  11.407 0.0000000000
78182  -26.677  -15.552  11.724 0.0000000000
78183  -27.798  -15.110  11.922 0.0000000000
78184  -28.262  -14.950  11.992 0.0000000000
78192  -17.962  -15.019  11.078 0.0000000000
78193  -18.501  -15.475  10.952 0.0000000000
78194  -19.376  -15.471  10.365 0.0000000000
78195  -23.622  -15.871  10.070 0.0000000000
78196  -24.379  -15.566  10.494 0.0000000000
78197  -25.446  -15.291  10.818 0.0000000000
78198  -26.031  -15.273  11.199 0.0000000000
78210  -19.999  -15.428  9.746 0.0000000000
78211  -20.666  -15.505  9.407 0.0000000000
78212  -21.434  -15.685  9.139 0.0000000000
78213  -22.340  -15.658  9.161 0.0000000000
78214  -23.291  -15.623  9.490 0.0000000000
78215  -23.829  -15.404  9.941 0.0000000000
79383  -31.618  -15.189  15.103 0.0000000000
79384  -32.387  -14.981  15.458 0.0000000000
79385  -33.347  -14.751  15.690 0.0000000000
79386  -34.441  -14.567  15.630 0.0000000000
79387  -35.493  -14.732  15.485 0.0000000000
79388  -36.242  -14.808  15.070 0.0000000000
79391  -17.198  -15.131  14.122 0.0000000000
79398  -31.839  -14.560  14.709 0.0000000000
79399  -32.702  -14.239  15.057 0.0000000000
79400  -33.636  -14.043  15.275 0.0000000000
79401  -34.382  -13.862  15.304 0.0000000000
79410  -16.976  -14.933  13.389 0.0000000000
79415  -29.852  -14.546  13.298 0.0000000000
79416  -30.442  -14.229  13.710 0.0000000000
79417  -31.149  -14.178  14.161 0.0000000000
79424  -16.948  -14.809  12.651 0.0000000000
79425  -28.812  -14.804  12.278 0.0000000000
79426  -29.246  -14.474  12.542 0.0000000000
79434  -16.997  -14.660  12.155 0.0000000000
79435  -17.281  -14.707  11.806 0.0000000000
79436  -26.840  -14.941  11.228 0.0000000000
79437  -27.323  -14.630  11.290 0.0000000000
79438  -28.407  -14.504  11.827 0.0000000000
79439  -28.958  -13.989  11.999 0.0000000000
79447  -17.719  -14.551  11.353 0.0000000000
79448  -18.196  -14.499  10.892 0.0000000000
79449  -18.893  -14.576  10.555 0.0000000000
79450  -24.525  -14.942  10.144 0.0000000000
79451  -25.088  -14.655  10.258 0.0000000000
79452  -26.403  -14.626  10.801 0.0000000000
79453  -27.185  -14.011  10.759 0.0000000000
79467  -19.497  -14.561  9.935 0.0000000000
79468  -20.248  -14.483  9.331 0.0000000000
79469  -21.111  -14.770  9.050 0.0000000000
79470  -21.943  -14.844  8.791 0.0000000000
79471  -23.029  -14.719  8.729 0.0000000000
79472  -24.146  -14.679  9.628 0.0000000000
79473  -24.910  -13.891  9.804 0.0000000000
79483  -20.772  -14.054  8.868 0.0000000000
79484  -21.423  -14.078  8.615 0.0000000000
79485  -22.248  -14.009  8.406 0.0000000000
79486  -22.947  -13.749  8.473 0.0000000000
80686  -35.136  -13.997  15.287 0.0000000000
80687  -35.992  -14.120  15.076 0.0000000000
80691  -17.438  -14.414  13.656 0.0000000000
80702  -31.879  -13.600  14.528 0.0000000000
80703  -32.943  -13.467  15.074 0.0000000000
80704  -33.867  -13.378  15.304 0.0000000000
80705  -34.747  -13.350  15.355 0.0000000000
80706  -35.687  -13.397  15.168 0.0000000000
80717  -17.201  -14.219  12.909 0.0000000000
80718  -17.854  -13.719  13.097 0.0000000000
80725  -29.847  -13.570  13.226 0.0000000000
80726  -30.743  -13.594  13.896 0.0000000000
80727  -31.233  -13.661  14.197 0.0000000000
80737  -17.063  -14.195  12.269 0.0000000000
80738  -17.605  -13.652  12.346 0.0000000000
80741  -28.838  -13.339  12.246 0.0000000000
80742  -29.170  -13.688  12.425 0.0000000000
80751  -17.069  -14.331  11.953 0.0000000000
80752  -17.494  -13.988  11.782 0.0000000000
80753  -27.167  -12.983  11.094 0.0000000000
80754  -27.643  -13.583  11.152 0.0000000000
80755  -28.523  -13.533  11.807 0.0000000000
80756  -28.887  -13.663  12.083 0.0000000000
80767  -17.916  -13.752  11.131 0.0000000000
80768  -18.548  -13.662  10.688 0.0000000000
80769  -19.069  -13.894  10.188 0.0000000000
80770  -25.769  -13.683  10.105 0.0000000000
80771  -26.768  -13.310  10.681 0.0000000000
80772  -27.229  -13.637  10.843 0.0000000000
80785  -18.888  -13.225  10.135 0.0000000000
80786  -19.560  -13.502  9.621 0.0000000000
80787  -20.258  -13.490  8.960 0.0000000000
80788  -23.636  -13.755  8.848 0.0000000000
80789  -24.378  -13.409  9.340 0.0000000000
80790  -25.109  -12.998  9.735 0.0000000000
80793  -20.883  -13.381  8.624 0.0000000000
80794  -21.620  -13.242  8.379 0.0000000000
80795  -22.454  -13.128  8.337 0.0000000000
80796  -23.210  -13.016  8.487 0.0000000000
81957  -30.929  -12.384  14.380 0.0000000000
81958  -31.361  -12.646  14.538 0.0000000000
81959  -32.352  -12.754  14.913 0.0000000000
81960  -33.293  -12.756  15.208 0.0000000000
81961  -34.203  -12.715  15.374 0.0000000000
81962  -35.144  -12.656  15.331 0.0000000000
81978  -28.899  -12.037  12.884 0.0000000000
81979  -29.620  -12.340  13.354 0.0000000000
81980  -30.583  -12.631  13.992 0.0000000000
81981  -31.148  -13.245  14.238 0.0000000000
81990  -18.244  -12.984  12.468 0.0000000000
81994  -27.747  -12.159  12.043 0.0000000000
81995  -28.459  -12.670  12.298 0.0000000000
81996  -29.147  -12.959  12.716 0.0000000000
82010  -18.176  -12.949  11.581 0.0000000000
82011  -18.548  -12.292  11.193 0.0000000000
82012  -26.844  -12.292  11.075 0.0000000000
82013  -27.428  -12.610  11.450 0.0000000000
82014  -28.030  -12.905  11.655 0.0000000000
82027  -18.306  -13.229  11.061 0.0000000000
82028  -18.633  -12.621  10.718 0.0000000000
82029  -25.813  -12.406  10.227 0.0000000000
82030  -26.449  -12.398  10.660 0.0000000000
82040  -19.125  -12.487  9.830 0.0000000000
82041  -19.988  -12.439  9.126 0.0000000000
82042  -20.468  -12.932  8.748 0.0000000000
82043  -23.858  -12.807  8.881 0.0000000000
82044  -24.524  -12.245  9.278 0.0000000000
82045  -25.132  -12.281  9.793 0.0000000000
82052  -20.299  -11.879  8.761 0.0000000000
82053  -20.840  -12.376  8.491 0.0000000000
82054  -21.888  -12.347  8.172 0.0000000000
82055  -22.775  -12.309  8.146 0.0000000000
82056  -23.549  -12.223  8.392 0.0000000000
82057  -24.046  -12.197  8.718 0.0000000000
83178  -33.920  -11.295  15.628 0.0000000000
83179  -34.839  -11.146  15.647 0.0000000000
83198  -30.953  -11.787  14.517 0.0000000000
83199  -31.856  -11.905  14.991 0.0000000000
83200  -32.775  -12.029  15.244 0.0000000000
83201  -33.647  -12.046  15.385 0.0000000000
83202  -34.540  -11.953  15.440 0.0000000000
83220  -28.760  -11.342  12.972 0.0000000000
83221  -29.262  -11.361  13.313 0.0000000000
83222  -30.051  -11.396  13.955 0.0000000000
83241  -27.648  -11.432  12.143 0.0000000000
83242  -28.213  -11.426  12.562 0.0000000000
83258  -18.556  -12.270  11.961 0.0000000000
83259  -18.612  -11.984  11.474 0.0000000000
83260  -26.734  -11.514  11.177 0.0000000000
83261  -27.230  -11.501  11.612 0.0000000000
83270  -18.642  -11.714  10.921 0.0000000000
83271  -25.736  -11.505  10.303 0.0000000000
83272  -26.299  -11.519  10.706 0.0000000000
83280  -18.848  -11.651  10.202 0.0000000000
83281  -19.375  -11.536  9.535 0.0000000000
83282  -24.574  -11.391  9.244 0.0000000000
83283  -25.164  -11.440  9.792 0.0000000000
83295  -19.899  -11.385  8.929 0.0000000000
83296  -20.480  -11.338  8.510 0.0000000000
83297  -21.358  -11.332  8.175 0.0000000000
83298  -22.288  -11.546  7.902 0.0000000000
83299  -23.192  -11.435  7.876 0.0000000000
83300  -24.063  -11.389  8.571 0.0000000000
83313  -21.927  -10.851  7.854 0.0000000000
83314  -22.562  -10.813  7.674 0.0000000000
83315  -23.119  -10.653  7.627 0.0000000000
84407  -32.484  -10.453  15.499 0.0000000000
84408  -33.153  -10.623  15.697 0.0000000000
84409  -34.200  -10.533  16.069 0.0000000000
84430  -30.651  -10.517  14.473 0.0000000000
84431  -31.510  -10.904  15.002 0.0000000000
84432  -32.400  -11.112  15.362 0.0000000000
84433  -33.181  -11.419  15.444 0.0000000000
84451  -28.764  -10.506  12.970 0.0000000000
84452  -29.552  -10.509  13.646 0.0000000000
84453  -30.048  -10.519  14.061 0.0000000000
84474  -27.687  -10.603  12.070 0.0000000000
84475  -28.211  -10.543  12.491 0.0000000000
84488  -18.909  -11.014  11.494 0.0000000000
84490  -26.758  -10.673  11.161 0.0000000000
84491  -27.276  -10.627  11.570 0.0000000000
84497  -18.799  -10.936  10.581 0.0000000000
84498  -25.791  -10.639  10.246 0.0000000000
84499  -26.308  -10.651  10.691 0.0000000000
84512  -18.961  -10.785  9.832 0.0000000000
84513  -19.526  -10.621  9.252 0.0000000000
84514  -24.728  -10.484  9.171 0.0000000000
84515  -25.301  -10.568  9.696 0.0000000000
84529  -20.041  -10.516  8.664 0.0000000000
84530  -20.683  -10.476  8.287 0.0000000000
84531  -21.356  -10.329  8.000 0.0000000000
84532  -23.584  -10.677  7.958 0.0000000000
84533  -24.116  -10.275  8.278 0.0000000000
84546  -22.048  -10.126  7.790 0.0000000000
84547  -22.737  -10.066  7.573 0.0000000000
84548  -23.357  -10.073  7.638 0.0000000000
84549  -23.734  -10.138  7.856 0.0000000000
85688  -31.841  -9.415  15.458 0.0000000000
85689  -32.383  -9.771  15.670 0.0000000000
85690  -33.502  -9.862  16.408 0.0000000000
85716  -30.636  -9.681  14.604 0.0000000000
85717  -31.359  -9.694  15.148 0.0000000000
85718  -32.006  -10.383  15.364 0.0000000000
85745  -28.826  -9.627  12.862 0.0000000000
85746  -29.263  -9.624  13.380 0.0000000000
85747  -30.042  -9.667  14.080 0.0000000000
85763  -27.768  -10.002  11.940 0.0000000000
85764  -28.260  -9.689  12.259 0.0000000000
85769  -19.471  -9.939  11.563 0.0000000000
85770  -26.839  -10.068  11.082 0.0000000000
85771  -27.399  -9.770  11.458 0.0000000000
85772  -28.060  -8.961  11.702 0.0000000000
85785  -19.114  -10.379  10.938 0.0000000000
85786  -19.359  -9.655  10.512 0.0000000000
85787  -25.913  -10.035  10.143 0.0000000000
85788  -26.471  -9.785  10.551 0.0000000000
85789  -27.152  -8.960  10.897 0.0000000000
85805  -19.026  -10.294  10.289 0.0000000000
85806  -19.366  -9.838  9.703 0.0000000000
85807  -24.968  -9.856  9.107 0.0000000000
85808  -25.526  -9.709  9.544 0.0000000000
85809  -26.106  -8.872  9.986 0.0000000000
85820  -19.815  -9.716  8.990 0.0000000000
85821  -20.239  -9.567  8.344 0.0000000000
85822  -20.802  -9.782  8.063 0.0000000000
85823  -24.712  -9.409  8.571 0.0000000000
85824  -25.305  -8.821  8.845 0.0000000000
85840  -20.578  -9.189  7.900 0.0000000000
85841  -21.331  -9.374  7.828 0.0000000000
85842  -22.240  -9.278  7.635 0.0000000000
85843  -23.041  -9.299  7.418 0.0000000000
85844  -23.867  -9.440  7.710 0.0000000000
86976  -33.638  -8.245  16.788 0.0000000000
86977  -34.127  -8.151  17.450 0.0000000000
87007  -31.007  -8.298  15.192 0.0000000000
87008  -31.782  -8.819  15.609 0.0000000000
87009  -32.909  -8.968  16.407 0.0000000000
87010  -34.015  -8.927  16.795 0.0000000000
87033  -29.979  -8.229  14.173 0.0000000000
87034  -30.582  -8.868  14.669 0.0000000000
87035  -31.138  -8.921  15.197 0.0000000000
87062  -28.947  -8.708  12.914 0.0000000000
87063  -29.615  -8.791  13.671 0.0000000000
87064  -30.065  -8.881  14.127 0.0000000000
87078  -28.446  -8.512  12.126 0.0000000000
87083  -19.657  -8.642  10.872 0.0000000000
87084  -27.678  -8.411  11.310 0.0000000000
87085  -28.143  -8.370  11.694 0.0000000000
87100  -19.443  -8.776  9.908 0.0000000000
87101  -26.774  -8.440  10.446 0.0000000000
87102  -27.258  -8.373  10.852 0.0000000000
87114  -19.691  -8.993  9.290 0.0000000000
87115  -25.734  -8.504  9.351 0.0000000000
87116  -26.281  -7.994  9.781 0.0000000000
87135  -19.844  -8.775  8.635 0.0000000000
87136  -20.080  -8.657  7.926 0.0000000000
87137  -24.895  -8.368  8.357 0.0000000000
87138  -25.373  -7.978  8.729 0.0000000000
87158  -20.770  -8.522  7.704 0.0000000000
87159  -21.618  -8.452  7.516 0.0000000000
87160  -22.533  -8.374  7.317 0.0000000000
87161  -23.432  -8.354  7.271 0.0000000000
87162  -24.336  -8.267  7.647 0.0000000000
88275  -33.388  -7.684  16.794 0.0000000000
88276  -34.162  -7.726  17.294 0.0000000000
88298  -30.935  -7.863  15.167 0.0000000000
88299  -31.299  -7.712  15.470 0.0000000000
88300  -32.451  -7.758  16.309 0.0000000000
88313  -29.854  -7.534  14.232 0.0000000000
88314  -30.547  -7.627  14.830 0.0000000000
88315  -30.966  -7.025  15.318 0.0000000000
88334  -28.938  -8.043  13.058 0.0000000000
88335  -29.290  -7.685  13.495 0.0000000000
88355  -28.706  -7.744  12.684 0.0000000000
88356  -28.801  -7.022  12.999 0.0000000000
88368  -20.005  -7.300  11.236 0.0000000000
88370  -27.805  -7.619  11.242 0.0000000000
88371  -28.250  -7.606  11.735 0.0000000000
88387  -19.575  -7.608  10.166 0.0000000000
88388  -26.790  -7.407  10.223 0.0000000000
88389  -27.373  -7.698  10.807 0.0000000000
88399  -19.485  -7.949  9.140 0.0000000000
88400  -25.865  -7.634  9.202 0.0000000000
88401  -26.364  -7.072  9.504 0.0000000000
88419  -19.769  -7.888  8.298 0.0000000000
88420  -20.274  -7.806  7.771 0.0000000000
88421  -24.840  -7.306  8.019 0.0000000000
88422  -25.596  -7.156  8.688 0.0000000000
88423  -25.997  -7.128  9.056 0.0000000000
88434  -21.021  -7.653  7.481 0.0000000000
88435  -21.924  -7.507  7.233 0.0000000000
88436  -22.927  -7.316  6.893 0.0000000000
88437  -23.825  -7.287  6.976 0.0000000000
88438  -24.355  -7.370  7.383 0.0000000000
88448  -23.228  -6.811  6.679 0.0000000000
88449  -23.413  -6.987  6.728 0.0000000000
89472  -32.223  -6.321  16.412 0.0000000000
89473  -33.143  -6.850  16.835 0.0000000000
89474  -34.164  -6.831  17.566 0.0000000000
89494  -31.568  -6.613  15.792 0.0000000000
89495  -32.285  -6.908  16.379 0.0000000000
89512  -29.748  -6.590  14.325 0.0000000000
89513  -30.517  -6.611  15.077 0.0000000000
89514  -30.981  -6.574  15.377 0.0000000000
89533  -29.060  -6.540  13.417 0.0000000000
89554  -28.615  -6.661  12.319 0.0000000000
89555  -28.811  -6.511  12.889 0.0000000000
89582  -27.842  -6.785  11.161 0.0000000000
89583  -28.292  -6.743  11.688 0.0000000000
89597  -19.785  -6.339  10.529 0.0000000000
89598  -26.835  -6.420  10.092 0.0000000000
89599  -27.257  -6.834  10.572 0.0000000000
89617  -19.562  -6.675  9.449 0.0000000000
89618  -26.492  -6.246  9.441 0.0000000000
89635  -19.686  -6.960  8.623 0.0000000000
89636  -19.968  -7.181  8.060 0.0000000000
89637  -24.884  -6.562  7.720 0.0000000000
89638  -25.481  -6.283  8.167 0.0000000000
89639  -26.078  -6.585  8.916 0.0000000000
89650  -20.522  -6.911  7.748 0.0000000000
89651  -21.318  -6.660  7.370 0.0000000000
89652  -22.208  -6.542  7.048 0.0000000000
89653  -23.993  -6.791  6.790 0.0000000000
89654  -24.395  -6.518  7.124 0.0000000000
89655  -24.961  -6.127  7.549 0.0000000000
89663  -22.916  -6.412  6.713 0.0000000000
89664  -23.662  -6.437  6.617 0.0000000000
89665  -24.200  -5.987  6.550 0.0000000000
90684  -31.197  -5.030  15.679 0.0000000000
90685  -31.759  -5.508  16.121 0.0000000000
90686  -32.595  -5.665  16.810 0.0000000000
90687  -33.213  -5.942  17.954 0.0000000000
90688  -33.970  -5.987  18.050 0.0000000000
90702  -30.759  -5.312  15.342 0.0000000000
90703  -31.258  -5.693  15.617 0.0000000000
90720  -29.764  -5.334  14.415 0.0000000000
90721  -30.257  -5.762  14.968 0.0000000000
90722  -30.883  -6.083  15.360 0.0000000000
90740  -29.246  -5.610  13.730 0.0000000000
90771  -28.611  -5.904  12.265 0.0000000000
90772  -28.857  -5.864  12.851 0.0000000000
90800  -27.827  -5.997  11.168 0.0000000000
90801  -28.286  -5.928  11.672 0.0000000000
90810  -27.002  -5.953  10.211 0.0000000000
90811  -27.420  -5.862  10.573 0.0000000000
90825  -19.580  -5.497  9.699 0.0000000000
90826  -26.894  -5.635  9.856 0.0000000000
90827  -27.441  -5.012  10.123 0.0000000000
90838  -19.710  -5.705  8.702 0.0000000000
90839  -20.069  -6.338  8.162 0.0000000000
90840  -25.770  -5.518  8.181 0.0000000000
90841  -26.289  -5.507  8.867 0.0000000000
90852  -20.100  -5.478  8.076 0.0000000000
90853  -20.687  -5.781  7.705 0.0000000000
90854  -21.684  -5.531  7.163 0.0000000000
90855  -22.442  -5.810  6.828 0.0000000000
90856  -24.802  -5.842  7.234 0.0000000000
90857  -25.367  -5.395  7.528 0.0000000000
90866  -22.325  -5.105  6.689 0.0000000000
90867  -23.063  -5.433  6.470 0.0000000000
90868  -23.933  -5.408  6.220 0.0000000000
90869  -24.686  -5.346  6.725 0.0000000000
90870  -25.329  -4.712  6.977 0.0000000000
91908  -31.124  -4.460  15.618 0.0000000000
91909  -31.514  -4.599  15.971 0.0000000000
91910  -32.128  -4.684  16.528 0.0000000000
91911  -33.083  -4.728  17.229 0.0000000000
91912  -33.922  -4.844  18.465 0.0000000000
91932  -30.827  -4.681  15.376 0.0000000000
91950  -29.868  -4.720  14.381 0.0000000000
91951  -30.312  -4.695  14.848 0.0000000000
91971  -29.544  -4.732  13.946 0.0000000000
91996  -28.644  -5.180  12.283 0.0000000000
91997  -29.121  -4.707  13.106 0.0000000000
92012  -27.951  -5.448  11.126 0.0000000000
92013  -28.357  -4.743  11.505 0.0000000000
92018  -19.537  -4.306  10.019 0.0000000000
92022  -27.922  -4.773  10.702 0.0000000000
92023  -28.305  -4.157  11.023 0.0000000000
92039  -19.480  -4.475  8.946 0.0000000000
92040  -27.038  -4.544  9.530 0.0000000000
92041  -27.728  -4.204  10.132 0.0000000000
92042  -28.110  -4.007  10.601 0.0000000000
92054  -19.991  -4.513  8.014 0.0000000000
92055  -20.396  -3.963  7.580 0.0000000000
92056  -25.975  -4.848  8.176 0.0000000000
92057  -26.530  -4.334  8.759 0.0000000000
92068  -20.387  -5.061  7.832 0.0000000000
92069  -20.892  -4.502  7.426 0.0000000000
92070  -21.901  -4.372  6.824 0.0000000000
92071  -25.781  -4.294  7.520 0.0000000000
92072  -26.230  -4.023  8.174 0.0000000000
92082  -22.713  -4.311  6.368 0.0000000000
92083  -23.538  -4.386  6.130 0.0000000000
92084  -24.342  -4.418  6.145 0.0000000000
92085  -25.078  -4.254  6.503 0.0000000000
92086  -25.593  -4.097  6.891 0.0000000000
93023  -33.669  -3.252  17.672 0.0000000000
93046  -31.284  -4.084  15.730 0.0000000000
93047  -31.700  -3.912  16.102 0.0000000000
93048  -32.367  -3.774  16.764 0.0000000000
93049  -33.243  -3.708  17.932 0.0000000000
93050  -34.401  -4.062  18.302 0.0000000000
93068  -30.834  -3.993  15.317 0.0000000000
93082  -29.925  -4.206  14.269 0.0000000000
93083  -30.354  -3.694  14.670 0.0000000000
93103  -29.590  -3.970  13.655 0.0000000000
93125  -28.917  -4.048  12.228 0.0000000000
93126  -29.311  -3.708  12.995 0.0000000000
93142  -28.616  -3.782  11.508 0.0000000000
93150  -19.674  -3.187  9.811 0.0000000000
93154  -28.405  -3.491  10.943 0.0000000000
93168  -19.583  -3.360  9.155 0.0000000000
93169  -27.037  -3.760  9.130 0.0000000000
93170  -27.575  -3.446  9.669 0.0000000000
93171  -28.062  -3.402  10.358 0.0000000000
93176  -19.840  -3.451  8.410 0.0000000000
93177  -20.298  -3.406  7.810 0.0000000000
93178  -26.804  -3.373  8.549 0.0000000000
93179  -27.284  -3.118  9.115 0.0000000000
93187  -20.807  -3.401  7.324 0.0000000000
93188  -21.496  -3.450  6.810 0.0000000000
93189  -25.882  -3.650  7.168 0.0000000000
93190  -26.325  -3.351  7.722 0.0000000000
93195  -22.320  -3.367  6.294 0.0000000000
93196  -23.234  -3.184  5.802 0.0000000000
93197  -23.997  -3.512  5.855 0.0000000000
93198  -24.719  -3.339  6.201 0.0000000000
93199  -25.549  -3.348  6.680 0.0000000000
93200  -26.101  -3.079  7.129 0.0000000000
93210  -23.584  -2.501  5.573 0.0000000000
93211  -23.900  -2.704  5.642 0.0000000000
93212  -24.318  -2.836  5.853 0.0000000000
94146  -31.214  -3.545  15.712 0.0000000000
94147  -31.562  -2.900  16.100 0.0000000000
94148  -32.357  -2.829  16.956 0.0000000000
94149  -33.075  -2.700  17.399 0.0000000000
94162  -30.762  -2.920  15.267 0.0000000000
94163  -31.084  -2.413  15.671 0.0000000000
94177  -29.917  -3.538  14.121 0.0000000000
94178  -30.185  -2.908  14.376 0.0000000000
94194  -29.689  -3.028  13.556 0.0000000000
94195  -30.053  -2.307  13.956 0.0000000000
94211  -28.895  -3.392  11.921 0.0000000000
94212  -29.219  -2.864  12.478 0.0000000000
94226  -28.778  -2.911  11.535 0.0000000000
94227  -29.196  -2.204  11.838 0.0000000000
94236  -19.833  -2.386  9.960 0.0000000000
94240  -28.462  -2.707  10.778 0.0000000000
94249  -19.898  -2.328  9.298 0.0000000000
94250  -27.676  -2.497  9.440 0.0000000000
94251  -28.078  -2.567  10.100 0.0000000000
94255  -20.040  -2.380  8.682 0.0000000000
94256  -20.292  -2.473  8.053 0.0000000000
94257  -26.889  -2.500  8.144 0.0000000000
94258  -27.314  -2.505  8.805 0.0000000000
94264  -20.729  -2.503  7.481 0.0000000000
94265  -21.301  -2.508  6.899 0.0000000000
94266  -26.507  -2.461  7.436 0.0000000000
94273  -22.001  -2.479  6.321 0.0000000000
94274  -22.740  -2.374  5.806 0.0000000000
94275  -24.744  -2.546  5.930 0.0000000000
94276  -25.357  -2.434  6.232 0.0000000000
94277  -26.063  -2.453  6.783 0.0000000000
94286  -23.402  -2.146  5.526 0.0000000000
94287  -23.925  -2.045  5.406 0.0000000000
94288  -24.503  -2.149  5.569 0.0000000000
94289  -25.058  -2.076  5.758 0.0000000000
95208  -31.824  -2.005  16.420 0.0000000000
95209  -32.431  -1.950  16.902 0.0000000000
95210  -33.133  -1.779  17.294 0.0000000000
95225  -30.853  -1.969  15.356 0.0000000000
95226  -31.267  -1.947  15.891 0.0000000000
95242  -30.444  -2.098  14.653 0.0000000000
95263  -29.760  -2.078  13.249 0.0000000000
95264  -30.148  -1.517  14.001 0.0000000000
95283  -29.500  -1.730  12.435 0.0000000000
95298  -28.871  -2.060  11.239 0.0000000000
95299  -29.319  -1.438  11.659 0.0000000000
95307  -19.889  -1.460  9.928 0.0000000000
95311  -28.575  -1.848  10.560 0.0000000000
95320  -19.832  -0.657  9.437 0.0000000000
95321  -19.944  -1.405  9.422 0.0000000000
95322  -27.692  -1.829  9.132 0.0000000000
95323  -28.244  -1.559  9.752 0.0000000000
95329  -19.894  -0.527  9.141 0.0000000000
95330  -20.071  -0.996  8.865 0.0000000000
95331  -20.314  -1.390  8.213 0.0000000000
95332  -26.856  -1.591  7.866 0.0000000000
95333  -27.344  -1.642  8.554 0.0000000000
95337  -20.638  -1.541  7.635 0.0000000000
95338  -21.163  -1.576  7.092 0.0000000000
95339  -26.577  -1.670  7.080 0.0000000000
95345  -21.798  -1.568  6.481 0.0000000000
95346  -22.533  -1.532  5.954 0.0000000000
95347  -25.447  -1.712  5.945 0.0000000000
95348  -26.037  -1.550  6.378 0.0000000000
95355  -23.215  -1.447  5.549 0.0000000000
95356  -23.849  -1.360  5.353 0.0000000000
95357  -24.478  -1.339  5.415 0.0000000000
95358  -25.157  -1.374  5.600 0.0000000000
95359  -25.746  -1.148  5.883 0.0000000000
96350  -32.052  -1.492  16.477 0.0000000000
96351  -32.473  -1.043  16.617 0.0000000000
96368  -31.066  -1.488  15.567 0.0000000000
96369  -31.479  -1.041  16.033 0.0000000000
96370  -32.133  -0.211  16.240 0.0000000000
96383  -30.707  -1.090  14.983 0.0000000000
96384  -31.162  -0.303  15.369 0.0000000000
96404  -29.688  -1.082  13.228 0.0000000000
96405  -30.259  -0.554  13.969 0.0000000000
96417  -29.632  -0.747  12.283 0.0000000000
96432  -29.009  -1.345  11.034 0.0000000000
96433  -29.432  -0.522  11.269 0.0000000000
96442  -28.884  -0.920  10.440 0.0000000000
96443  -29.274  -0.024  10.430 0.0000000000
96454  -19.313  0.501  9.048 0.0000000000
96455  -19.715  -0.024  9.075 0.0000000000
96456  -27.942  -0.971  9.038 0.0000000000
96457  -28.772  -0.271  9.612 0.0000000000
96458  -29.168  0.280  10.004 0.0000000000
96468  -19.074  0.644  8.982 0.0000000000
96469  -19.488  0.192  8.942 0.0000000000
96470  -19.799  0.075  8.618 0.0000000000
96471  -20.185  -0.287  8.209 0.0000000000
96472  -26.924  -0.942  7.439 0.0000000000
96473  -27.425  -0.478  8.218 0.0000000000
96474  -28.312  -0.146  8.777 0.0000000000
96479  -20.527  -0.577  7.698 0.0000000000
96480  -20.959  -0.657  7.255 0.0000000000
96481  -26.756  -0.879  6.738 0.0000000000
96482  -27.183  -0.187  7.228 0.0000000000
96487  -21.580  -0.604  6.712 0.0000000000
96488  -22.326  -0.611  6.132 0.0000000000
96489  -26.370  -0.572  6.053 0.0000000000
96490  -26.968  -0.158  6.511 0.0000000000
96498  -23.014  -0.604  5.587 0.0000000000
96499  -23.753  -0.563  5.362 0.0000000000
96500  -24.448  -0.518  5.346 0.0000000000
96501  -25.131  -0.516  5.420 0.0000000000
96502  -25.768  -0.560  5.606 0.0000000000
97534  -32.577  -0.113  16.687 0.0000000000
97535  -33.153  0.636  16.944 0.0000000000
97550  -31.583  -0.054  15.861 0.0000000000
97551  -32.002  0.696  16.245 0.0000000000
97552  -32.612  1.533  16.479 0.0000000000
97566  -30.774  0.004  14.652 0.0000000000
97567  -31.355  0.544  15.281 0.0000000000
97568  -31.681  1.233  15.488 0.0000000000
97587  -29.989  -0.127  13.081 0.0000000000
97588  -30.502  0.329  13.792 0.0000000000
97589  -31.069  0.841  14.340 0.0000000000
97590  -31.432  1.206  14.918 0.0000000000
97602  -29.968  0.344  12.088 0.0000000000
97603  -30.364  0.725  13.043 0.0000000000
97604  -30.737  0.930  13.637 0.0000000000
97623  -29.744  0.491  11.064 0.0000000000
97635  -29.497  0.831  10.283 0.0000000000
97651  -28.709  0.766  9.044 0.0000000000
97652  -29.091  0.594  9.717 0.0000000000
97667  -18.907  0.930  8.730 0.0000000000
97668  -19.345  0.764  8.579 0.0000000000
97669  -20.138  0.654  8.039 0.0000000000
97670  -27.718  0.683  7.695 0.0000000000
97671  -28.101  0.474  8.391 0.0000000000
97680  -20.448  0.530  7.542 0.0000000000
97681  -20.718  -0.078  7.326 0.0000000000
97682  -27.390  0.582  6.780 0.0000000000
97690  -20.805  1.033  7.089 0.0000000000
97691  -21.152  0.448  6.914 0.0000000000
97692  -22.043  0.392  6.310 0.0000000000
97693  -26.281  -0.014  5.626 0.0000000000
97694  -26.824  0.395  5.960 0.0000000000
97701  -22.742  0.351  5.678 0.0000000000
97702  -23.594  0.365  5.410 0.0000000000
97703  -24.400  0.389  5.308 0.0000000000
97704  -25.119  0.419  5.298 0.0000000000
97705  -25.859  0.344  5.354 0.0000000000
97706  -26.367  0.483  5.577 0.0000000000
98714  -33.587  1.900  16.815 0.0000000000
98732  -32.105  1.708  15.844 0.0000000000
98733  -32.897  2.570  15.991 0.0000000000
98753  -30.974  2.037  13.797 0.0000000000
98754  -31.233  1.983  14.313 0.0000000000
98755  -31.679  1.932  15.061 0.0000000000
98756  -32.155  2.283  15.571 0.0000000000
98773  -30.782  1.825  13.299 0.0000000000
98774  -30.965  1.480  13.870 0.0000000000
98775  -31.284  1.482  14.493 0.0000000000
98787  -30.097  1.083  11.561 0.0000000000
98788  -30.471  1.490  12.431 0.0000000000
98789  -30.635  1.299  13.259 0.0000000000
98812  -29.955  1.309  10.898 0.0000000000
98813  -30.319  1.783  11.407 0.0000000000
98833  -29.831  1.850  10.321 0.0000000000
98834  -30.156  1.860  10.854 0.0000000000
98851  -18.490  1.898  9.173 0.0000000000
98852  -29.023  1.819  8.991 0.0000000000
98853  -29.278  1.390  9.645 0.0000000000
98873  -18.418  1.728  8.976 0.0000000000
98874  -18.466  1.780  8.753 0.0000000000
98875  -18.933  1.651  8.481 0.0000000000
98876  -19.491  1.273  8.317 0.0000000000
98877  -27.976  1.237  7.707 0.0000000000
98878  -28.367  1.500  8.100 0.0000000000
98892  -19.408  1.900  8.219 0.0000000000
98893  -20.057  1.582  7.918 0.0000000000
98894  -27.848  1.503  7.287 0.0000000000
98895  -28.232  1.931  7.566 0.0000000000
98907  -20.570  1.606  7.196 0.0000000000
98908  -21.064  1.563  6.713 0.0000000000
98909  -21.738  1.419  6.342 0.0000000000
98910  -27.273  1.449  6.290 0.0000000000
98923  -22.451  1.340  5.830 0.0000000000
98924  -23.269  1.351  5.453 0.0000000000
98925  -24.269  1.469  5.209 0.0000000000
98926  -25.046  1.327  5.103 0.0000000000
98927  -25.753  1.437  4.963 0.0000000000
98928  -26.539  1.261  5.447 0.0000000000
98939  -24.886  1.986  4.771 0.0000000000
98940  -25.383  2.046  4.604 0.0000000000
98941  -25.887  2.254  4.531 0.0000000000
99949  -33.653  3.000  16.372 0.0000000000
99950  -34.565  2.625  16.720 0.0000000000
99965  -32.940  3.260  15.933 0.0000000000
99978  -31.062  2.290  13.709 0.0000000000
99979  -31.182  2.393  14.002 0.0000000000
99980  -31.487  2.598  14.563 0.0000000000
99981  -32.117  3.020  15.275 0.0000000000
99982  -32.051  3.348  15.092 0.0000000000
99992  -30.957  2.218  13.466 0.0000000000
99993  -31.138  2.533  13.571 0.0000000000
99994  -31.347  2.901  13.998 0.0000000000
99995  -31.669  3.326  14.547 0.0000000000
99996  -31.899  3.376  14.908 0.0000000000
100011  -30.898  2.399  12.947 0.0000000000
100012  -31.298  3.025  13.354 0.0000000000
100013  -31.487  3.482  13.919 0.0000000000
100014  -31.629  3.671  14.251 0.0000000000
100032  -30.681  2.464  11.969 0.0000000000
100046  -30.063  2.489  10.171 0.0000000000
100047  -30.427  2.552  10.877 0.0000000000
100058  -18.126  2.692  9.473 0.0000000000
100064  -29.223  2.263  9.020 0.0000000000
100065  -29.590  2.492  9.468 0.0000000000
100083  -18.115  2.512  8.932 0.0000000000
100084  -18.485  2.499  8.616 0.0000000000
100085  -18.999  2.529  8.181 0.0000000000
100086  -29.050  2.496  8.611 0.0000000000
100087  -29.481  3.272  8.914 0.0000000000
100104  -19.638  2.539  7.794 0.0000000000
100105  -20.274  2.498  7.302 0.0000000000
100106  -28.094  2.130  7.324 0.0000000000
100107  -28.473  2.618  7.623 0.0000000000
100123  -20.825  2.477  6.708 0.0000000000
100124  -21.536  2.432  6.321 0.0000000000
100125  -22.214  2.295  5.938 0.0000000000
100126  -27.813  2.449  6.782 0.0000000000
100127  -28.209  3.254  7.021 0.0000000000
100146  -22.851  2.269  5.533 0.0000000000
100147  -23.717  2.410  5.212 0.0000000000
100148  -24.501  2.500  4.798 0.0000000000
100149  -26.443  2.274  4.842 0.0000000000
100150  -27.180  2.544  5.639 0.0000000000
100170  -24.993  2.611  4.457 0.0000000000
100171  -25.541  2.775  4.461 0.0000000000
100172  -26.139  2.929  4.571 0.0000000000
101204  -33.860  3.435  16.279 0.0000000000
101205  -34.300  3.581  16.326 0.0000000000
101206  -35.191  3.534  16.413 0.0000000000
101218  -33.637  3.726  16.054 0.0000000000
101219  -34.248  4.210  16.060 0.0000000000
101226  -32.484  4.381  15.004 0.0000000000
101227  -32.697  4.023  15.361 0.0000000000
101228  -32.195  3.548  15.124 0.0000000000
101239  -32.259  4.335  14.740 0.0000000000
101240  -32.012  3.763  14.789 0.0000000000
101241  -32.047  3.566  14.960 0.0000000000
101252  -31.109  3.174  12.579 0.0000000000
101253  -31.474  3.749  13.242 0.0000000000
101254  -31.743  4.141  14.100 0.0000000000
101255  -31.749  3.732  14.446 0.0000000000
101265  -30.883  3.390  11.681 0.0000000000
101273  -17.503  3.483  9.925 0.0000000000
101280  -30.287  3.129  10.116 0.0000000000
101281  -30.695  3.667  10.819 0.0000000000
101288  -17.591  3.406  9.260 0.0000000000
101295  -30.064  3.776  9.460 0.0000000000
101296  -30.480  3.971  10.184 0.0000000000
101306  -18.066  3.415  8.758 0.0000000000
101307  -18.665  3.391  8.281 0.0000000000
101308  -19.271  3.392  7.779 0.0000000000
101313  -29.097  3.575  8.235 0.0000000000
101314  -29.658  4.033  8.784 0.0000000000
101324  -19.945  3.398  7.354 0.0000000000
101325  -20.583  3.401  6.860 0.0000000000
101326  -28.633  3.711  7.517 0.0000000000
101339  -21.296  3.404  6.395 0.0000000000
101340  -22.146  3.377  5.834 0.0000000000
101341  -22.553  2.840  5.652 0.0000000000
101342  -27.750  3.616  6.268 0.0000000000
101343  -28.254  3.934  7.006 0.0000000000
101359  -22.572  3.853  5.444 0.0000000000
101360  -23.047  3.353  5.306 0.0000000000
101361  -24.122  3.425  4.660 0.0000000000
101362  -24.660  3.003  4.507 0.0000000000
101363  -26.727  3.444  4.967 0.0000000000
101364  -27.273  3.437  5.528 0.0000000000
101380  -24.494  3.943  4.337 0.0000000000
101381  -24.993  3.500  4.359 0.0000000000
101382  -25.787  3.514  4.543 0.0000000000
101383  -26.232  3.485  4.686 0.0000000000
102412  -34.921  4.445  16.116 0.0000000000
102413  -35.636  4.394  16.049 0.0000000000
102414  -36.155  4.425  15.688 0.0000000000
102429  -33.812  4.524  15.816 0.0000000000
102430  -34.495  4.726  15.965 0.0000000000
102431  -36.446  4.502  14.895 0.0000000000
102438  -32.661  4.760  14.969 0.0000000000
102439  -33.288  4.735  15.484 0.0000000000
102448  -32.061  5.025  13.696 0.0000000000
102449  -32.245  4.839  14.235 0.0000000000
102453  -31.315  4.041  12.408 0.0000000000
102454  -31.692  4.683  13.214 0.0000000000
102455  -31.933  4.676  13.805 0.0000000000
102459  -16.597  4.860  10.417 0.0000000000
102466  -31.129  4.459  11.543 0.0000000000
102467  -31.471  4.839  12.341 0.0000000000
102476  -16.639  4.896  9.841 0.0000000000
102477  -16.920  4.309  10.111 0.0000000000
102485  -30.804  4.602  10.692 0.0000000000
102491  -16.850  4.920  9.235 0.0000000000
102492  -16.970  4.173  9.520 0.0000000000
102498  -30.070  4.953  9.116 0.0000000000
102499  -30.452  4.765  9.967 0.0000000000
102510  -17.017  5.082  8.900 0.0000000000
102511  -17.435  4.515  8.785 0.0000000000
102512  -18.351  4.315  8.304 0.0000000000
102513  -19.087  4.290  7.956 0.0000000000
102518  -29.023  4.261  7.842 0.0000000000
102519  -29.457  4.667  8.303 0.0000000000
102529  -19.687  4.278  7.456 0.0000000000
102530  -20.294  4.278  7.032 0.0000000000
102531  -28.663  4.698  7.408 0.0000000000
102532  -29.127  4.735  7.840 0.0000000000
102543  -20.943  4.348  6.530 0.0000000000
102544  -21.661  4.347  5.993 0.0000000000
102545  -27.687  4.767  6.209 0.0000000000
102546  -28.094  4.458  6.761 0.0000000000
102559  -22.314  4.369  5.526 0.0000000000
102560  -22.898  4.281  5.225 0.0000000000
102561  -23.493  4.221  4.801 0.0000000000
102562  -26.695  4.654  5.027 0.0000000000
102563  -27.254  4.184  5.529 0.0000000000
102575  -24.165  4.406  4.461 0.0000000000
102576  -24.845  4.467  4.409 0.0000000000
102577  -25.577  4.366  4.456 0.0000000000
102578  -26.201  4.124  4.715 0.0000000000
103551  -34.934  5.193  15.908 0.0000000000
103552  -35.535  5.327  15.724 0.0000000000
103553  -35.901  4.935  15.740 0.0000000000
103570  -33.883  4.972  15.695 0.0000000000
103571  -34.459  5.212  15.847 0.0000000000
103572  -35.828  5.821  15.204 0.0000000000
103573  -36.066  5.434  15.130 0.0000000000
103583  -32.649  5.459  14.615 0.0000000000
103584  -33.735  4.954  15.382 0.0000000000
103585  -34.119  5.501  15.695 0.0000000000
103586  -36.373  5.541  14.204 0.0000000000
103589  -31.943  5.496  13.414 0.0000000000
103590  -32.260  5.525  13.953 0.0000000000
103591  -36.624  5.576  13.226 0.0000000000
103596  -31.661  5.512  12.777 0.0000000000
103597  -36.701  5.570  12.206 0.0000000000
103605  -31.189  5.195  11.144 0.0000000000
103606  -31.443  5.537  11.896 0.0000000000
103624  -30.919  5.600  10.585 0.0000000000
103625  -31.346  5.857  11.233 0.0000000000
103638  -30.200  5.970  9.222 0.0000000000
103639  -30.497  5.741  9.802 0.0000000000
103650  -18.353  5.487  8.086 0.0000000000
103651  -18.866  4.903  8.052 0.0000000000
103657  -29.765  5.848  8.579 0.0000000000
103670  -18.881  6.011  7.496 0.0000000000
103671  -19.442  5.424  7.314 0.0000000000
103672  -19.949  4.824  7.085 0.0000000000
103673  -28.754  5.867  7.466 0.0000000000
103674  -29.237  5.377  7.896 0.0000000000
103688  -20.030  5.946  6.589 0.0000000000
103689  -20.389  5.298  6.549 0.0000000000
103690  -21.224  5.255  6.033 0.0000000000
103691  -27.645  5.817  6.351 0.0000000000
103692  -28.149  5.343  6.896 0.0000000000
103705  -22.016  5.287  5.550 0.0000000000
103706  -22.785  5.089  5.311 0.0000000000
103707  -23.271  4.820  5.040 0.0000000000
103708  -26.643  5.705  5.123 0.0000000000
103709  -27.171  5.239  5.629 0.0000000000
103718  -23.774  5.088  4.724 0.0000000000
103719  -24.509  5.320  4.522 0.0000000000
103720  -25.332  5.334  4.449 0.0000000000
103721  -26.174  5.244  4.504 0.0000000000
104632  -34.910  5.629  15.883 0.0000000000
104633  -35.181  5.809  15.789 0.0000000000
104644  -34.803  5.835  15.832 0.0000000000
104645  -35.419  6.301  15.325 0.0000000000
104646  -35.790  6.170  14.932 0.0000000000
104661  -32.506  6.169  14.189 0.0000000000
104662  -33.139  6.189  14.830 0.0000000000
104663  -34.096  5.955  15.275 0.0000000000
104664  -35.564  6.715  14.806 0.0000000000
104665  -36.022  6.524  14.422 0.0000000000
104676  -31.870  6.069  13.175 0.0000000000
104677  -32.225  6.191  13.650 0.0000000000
104678  -36.444  6.597  13.512 0.0000000000
104682  -31.728  6.434  12.655 0.0000000000
104683  -32.151  6.606  13.264 0.0000000000
104684  -36.680  6.540  12.546 0.0000000000
104690  -31.465  6.483  11.781 0.0000000000
104691  -36.746  6.485  11.572 0.0000000000
104708  -30.831  6.564  10.358 0.0000000000
104709  -31.280  6.528  11.026 0.0000000000
104710  -36.726  6.442  10.577 0.0000000000
104723  -30.099  6.712  9.056 0.0000000000
104724  -30.453  6.659  9.672 0.0000000000
104738  -29.782  6.809  8.572 0.0000000000
104750  -19.301  6.607  7.197 0.0000000000
104751  -28.872  6.801  7.513 0.0000000000
104752  -29.377  6.528  7.996 0.0000000000
104768  -19.826  6.584  6.588 0.0000000000
104769  -20.598  6.533  6.084 0.0000000000
104770  -20.918  5.868  6.060 0.0000000000
104771  -27.683  6.716  6.465 0.0000000000
104772  -28.207  6.505  7.034 0.0000000000
104782  -21.151  7.049  5.730 0.0000000000
104783  -21.540  6.420  5.611 0.0000000000
104784  -22.832  6.337  5.202 0.0000000000
104785  -23.358  5.517  5.064 0.0000000000
104786  -26.525  6.620  5.302 0.0000000000
104787  -27.073  6.359  5.877 0.0000000000
104797  -23.416  6.945  4.807 0.0000000000
104798  -23.908  6.307  4.687 0.0000000000
104799  -24.944  6.324  4.467 0.0000000000
104800  -25.723  6.216  4.604 0.0000000000
104801  -26.237  6.139  4.822 0.0000000000
105715  -34.997  6.048  15.853 0.0000000000
105716  -35.142  6.300  15.669 0.0000000000
105726  -34.703  6.395  15.655 0.0000000000
105727  -34.907  6.755  15.424 0.0000000000
105737  -32.517  6.548  13.906 0.0000000000
105738  -32.884  6.841  14.260 0.0000000000
105739  -34.137  7.164  14.898 0.0000000000
105740  -34.955  7.162  14.824 0.0000000000
105741  -35.532  7.240  14.410 0.0000000000
105756  -32.556  6.877  13.683 0.0000000000
105757  -33.237  7.437  13.925 0.0000000000
105758  -34.166  7.692  14.238 0.0000000000
105759  -35.020  7.825  14.090 0.0000000000
105760  -35.823  7.646  13.614 0.0000000000
105766  -31.682  7.275  12.351 0.0000000000
105767  -32.380  7.430  13.193 0.0000000000
105768  -33.045  7.885  13.536 0.0000000000
105769  -36.376  7.487  12.754 0.0000000000
105776  -31.404  7.274  11.639 0.0000000000
105777  -36.613  7.390  11.885 0.0000000000
105790  -30.690  7.490  10.206 0.0000000000
105791  -31.129  7.407  10.931 0.0000000000
105792  -36.582  7.330  10.996 0.0000000000
105802  -29.924  7.514  8.926 0.0000000000
105803  -30.294  7.536  9.505 0.0000000000
105804  -36.027  7.871  9.188 0.0000000000
105805  -36.407  7.408  9.965 0.0000000000
105815  -29.605  7.492  8.402 0.0000000000
105826  -28.578  7.559  7.387 0.0000000000
105827  -29.184  7.560  7.878 0.0000000000
105846  -20.277  7.556  6.137 0.0000000000
105847  -26.840  7.772  6.071 0.0000000000
105848  -27.344  7.415  6.337 0.0000000000
105849  -27.982  7.467  6.859 0.0000000000
105864  -20.969  7.641  5.819 0.0000000000
105865  -21.560  7.617  5.482 0.0000000000
105866  -22.294  7.505  5.162 0.0000000000
105867  -25.870  7.705  5.125 0.0000000000
105868  -26.385  7.563  5.528 0.0000000000
105869  -26.823  7.129  5.821 0.0000000000
105883  -23.092  7.570  4.819 0.0000000000
105884  -23.814  7.536  4.604 0.0000000000
105885  -24.589  7.353  4.508 0.0000000000
105886  -25.416  7.307  4.639 0.0000000000
105887  -26.002  6.902  4.983 0.0000000000
106820  -33.595  8.092  13.674 0.0000000000
106821  -34.345  8.308  13.684 0.0000000000
106822  -35.103  8.485  13.437 0.0000000000
106823  -35.586  8.314  13.175 0.0000000000
106828  -31.547  7.753  12.099 0.0000000000
106829  -31.996  8.225  12.554 0.0000000000
106830  -32.919  8.487  13.271 0.0000000000
106831  -35.405  8.792  12.862 0.0000000000
106832  -35.905  8.273  12.785 0.0000000000
106840  -31.385  8.214  11.723 0.0000000000
106841  -31.755  9.014  12.269 0.0000000000
106842  -35.659  8.951  12.190 0.0000000000
106843  -36.238  8.242  12.034 0.0000000000
106858  -30.514  8.424  9.979 0.0000000000
106859  -30.937  8.392  10.819 0.0000000000
106860  -35.909  8.986  11.153 0.0000000000
106861  -36.385  8.038  11.343 0.0000000000
106871  -29.773  8.132  8.742 0.0000000000
106872  -30.138  8.464  9.182 0.0000000000
106873  -35.969  8.664  9.899 0.0000000000
106874  -36.307  8.113  10.659 0.0000000000
106884  -29.491  8.448  8.341 0.0000000000
106885  -29.865  8.755  8.708 0.0000000000
106892  -27.611  8.717  6.975 0.0000000000
106893  -28.175  8.499  7.255 0.0000000000
106894  -28.916  8.547  7.793 0.0000000000
106913  -26.632  8.443  5.985 0.0000000000
106914  -27.191  8.406  6.491 0.0000000000
106915  -27.696  8.102  6.772 0.0000000000
106933  -21.412  8.553  5.521 0.0000000000
106934  -22.032  8.540  5.140 0.0000000000
106935  -24.910  8.691  4.980 0.0000000000
106936  -25.465  8.377  5.108 0.0000000000
106937  -26.101  8.434  5.520 0.0000000000
106951  -22.759  8.541  4.849 0.0000000000
106952  -23.533  8.527  4.652 0.0000000000
106953  -24.365  8.451  4.650 0.0000000000
106954  -24.992  8.078  4.617 0.0000000000
107847  -33.741  8.678  13.420 0.0000000000
107848  -34.336  8.978  13.270 0.0000000000
107849  -34.887  9.124  13.016 0.0000000000
107855  -32.574  9.303  12.659 0.0000000000
107856  -33.475  9.354  13.059 0.0000000000
107857  -34.324  9.642  12.778 0.0000000000
107858  -35.055  9.426  12.506 0.0000000000
107873  -31.317  9.437  11.536 0.0000000000
107874  -32.022  9.784  12.229 0.0000000000
107875  -34.622  9.955  12.279 0.0000000000
107876  -35.171  9.812  11.777 0.0000000000
107893  -30.377  9.272  9.665 0.0000000000
107894  -30.693  9.420  10.511 0.0000000000
107895  -35.354  9.946  11.020 0.0000000000
107902  -29.658  9.916  8.545 0.0000000000
107903  -29.937  9.642  8.912 0.0000000000
107904  -35.528  9.731  10.305 0.0000000000
107910  -29.378  9.565  8.244 0.0000000000
107911  -29.701  9.103  8.537 0.0000000000
107919  -27.240  9.175  6.879 0.0000000000
107920  -27.771  9.461  7.232 0.0000000000
107921  -28.560  9.658  7.639 0.0000000000
107939  -26.793  9.184  6.466 0.0000000000
108840  -33.123  9.746  12.611 0.0000000000
108841  -33.577  9.992  12.541 0.0000000000
108842  -34.111  10.203  12.383 0.0000000000
108857  -31.830  10.570  11.773 0.0000000000
108858  -32.753  10.332  12.304 0.0000000000
108859  -33.574  10.674  12.238 0.0000000000
108860  -34.375  10.587  11.919 0.0000000000
108861  -34.911  10.584  11.285 0.0000000000
108876  -30.398  10.420  9.884 0.0000000000
108877  -31.054  10.616  10.954 0.0000000000
108878  -35.250  10.607  10.626 0.0000000000
108891  -29.500  10.525  8.594 0.0000000000
108892  -29.928  10.751  9.178 0.0000000000
109891  -32.306  11.067  11.836 0.0000000000
109892  -32.795  11.337  11.971 0.0000000000
109893  -33.675  11.378  11.845 0.0000000000
109894  -34.415  11.321  11.450 0.0000000000
109895  -34.911  11.213  10.966 0.0000000000
